100
2147483647
124233128
9995140
134303273
10564686
56451636
112891395
2390456
40019428
43510595
29004032
34959648
28833922
42946085
117947918
142340433
83325682
20744660
21069992
37367854
132442894
58503239
42294964
67309482
107434450
29481411
141022885
47352614
32536742
51957994
132222359
38833893
2700300
34833591
146517613
41285535
27678959
6408138
82493021
57911157
38090496
29217672
55386907
79223676
27988177
55489369
36762679
95338144
18380052
93614562
34945528
101745392
127221158
14938769
74300455
44756289
19230736
105120912
125476536
62816883
105981266
11740264
18355540
125812548
133183493
45548449
142593779
140789680
57233330
131350634
103717377
106739705
20464342
20092642
84599392
35534551
62771160
33655940
75466518
97151523
108343059
45494517
133390481
140014674
100448031
91962738
44491126
4778778
132822038
125987883
8599371
54941970
94562110
83706276
17136798
56028523
27510083
88393516
147373406
119977498