10000
707130973
800335505
743299937
699703060
685096315
646268711
479375746
423910875
955263933
658200708
528642327
354851291
396874300
549465814
69241177
255141887
929504340
686035198
392199006
499494238
934500631
864210646
106324295
924901984
864159024
577270744
617002368
513108974
579806303
308913866
830376869
259967552
172631991
743043315
790036999
820618600
202979470
637864824
575760482
319517887
485561555
679406563
635086665
100646786
917830348
342887471
755377683
970508185
976335640
643142499
180120688
985141279
727430859
926400687
166185989
205502351
628563734
247827439
814180129
110373114
315195991
119486628
53696975
118067677
368693121
763235819
778528072
179028324
528019500
89347282
605086693
365194934
647651320
750110066
304843327
883050279
902086750
408546860
821467881
385374714
713058410
892453796
461305068
762395361
52380187
899827802
380456331
713607961
909155706
989862714
130552234
52581571
456554900
394096635
588833423
180710655
146701495
11397200
159754384
75395387
398801993
81870313
710272585
696242252
497500653
540972057
167997406
619316633
135979794
320671748
684162613
960292694
784204729
854109893
164195085
417222129
657875945
78774569
668930311
279633352
875308505
181252578
216169549
193687867
165429595
292145607
511049183
134193575
562083519
757658873
864572048
869436709
878916760
655777607
322067876
159654107
931122485
589771900
974334813
308672372
891886427
504242685
592580779
406579418
881939127
229951923
99207172
191109387
871022890
293562111
271876144
160058279
945021985
386858572
17704667
516616788
125209810
861876196
428084900
260775519
376958457
63892117
753999670
3792082
15514480
619528181
521615502
109986064
606968473
885134649
916757771
619060696
901199485
757334525
318728523
911013502
454983209
504694297
784953068
43202307
180967253
401992873
262690634
400684509
465313441
265236789
315599305
504048121
810689760
612110825
826848123
3510050
460574285
539054578
964038936
740475293
925855120
670238350
290053670
382494065
609995446
713501893
425439912
889250069
648917570
728994659
613365798
596038848
343482493
429681996
952833516
971920814
326428772
376385786
204068528
939266898
334354713
469085308
437414953
574431120
975088724
28215810
525676291
842034153
594778328
150141200
518553395
889846560
534348625
902073264
347358938
106131635
77097043
477238029
593718308
34968058
29007675
145391435
87211498
689317370
277722524
936947101
578698689
477506228
863900971
977142220
101856346
902448422
77984141
498243821
87873551
466023880
773954502
937347404
744166964
301647228
365258129
524963574
523884501
246630806
688094932
151604595
738204154
498373416
667667686
290271804
445312927
262228999
636507813
396757673
669608529
475227271
935402598
539832824
841959514
397703008
245289933
854308135
129380610
197724896
274829771
518058761
748656868
232537632
911592896
371011698
8225476
786654949
379796494
839781075
479186291
428630498
148864242
159876405
28603798
288194573
492942742
583812815
178005323
685907038
40416332
134673754
70740322
323983135
994100504
129506817
309703054
108911675
225211287
537403446
176305743
342580916
449660231
159334944
227843432
249360802
336302147
7755441
768191545
165620561
802428319
701503385
125462065
837073703
857550093
613024953
611852029
128794013
593553401
983426647
446665751
118279438
945481671
716148548
219281756
966600779
145823261
111934398
816786749
17251415
453141046
604853983
884450721
128892729
262801208
444010344
51906478
222648547
90075513
136681783
93308744
215611375
682760410
299122575
84731851
570489791
448268091
43476250
749056865
488051685
338605222
275922164
574827229
183365898
500164713
180290683
788920125
303032978
758322301
788953916
520137836
326923682
674853181
135611262
263378502
841793038
721632539
235070152
488344852
243369007
967064635
108213466
149650928
407804958
651268674
526434718
665884802
8479951
610201795
353686633
503761429
794052994
215028324
735681732
133066320
762164718
296959268
730139970
442663058
920485700
891980784
656300088
704922077
723495390
552965530
316490709
634992451
346918430
472228425
619559187
987841970
267197423
462963069
960393372
872170543
284657409
702426562
719427333
44579084
907579593
980338562
16756660
136150611
858943984
740732143
474133753
731752564
146969780
359586418
437555131
673549094
779720672
210185230
30939158
444903255
184964719
945330031
761663797
457971189
230157109
117921259
559789417
49408026
38756920
335048883
471047071
549420093
752268660
78184195
800562326
445958401
51935574
944294032
660544763
814709050
237104602
138743847
302787308
228998498
84885667
81990222
255715454
712052650
64716414
372834515
34794193
198551840
802055864
474397023
703447670
280362503
743747591
376119438
749357025
378419040
884108074
153748807
181032449
378226
370080818
543377741
517391461
1821990
246790146
458308597
364892422
551278129
818966873
829223424
650717393
859875966
829261115
650436527
440402136
929680966
807420450
728732601
183565933
545920326
560527011
521027296
255712851
67716903
638913665
581556277
222217216
723611150
235879760
837261338
769149238
341957220
772730735
700068739
42828915
587361964
857763660
293101278
621687282
941631066
579348361
931348378
541235902
496766971
704607287
554583385
65365579
610368226
152636682
315590156
871973747
721802528
436062424
785702895
931406131
253026385
287323903
54965905
711218825
463488179
124462928
516400079
386911812
707634210
300419617
346922271
59816636
41295972
335170666
398107054
903278955
457963649
120010200
435838143
597776660
859047087
477336749
313967379
867646754
379423436
785448121
859600436
75322450
442106538
245911735
207878443
344382457
510171544
423575317
770613269
130050986
819837798
416150
786535763
874303582
898676670
888099311
406539699
428770097
284372322
405245641
676068590
910978134
660623128
308294009
414824583
612716568
335750737
120636566
181094122
327236518
838479161
154093506
60510218
484635
245968319
577419481
450671976
290982206
694356578
589414577
150331971
760038955
988776827
486075447
307409258
698257767
538086204
817221113
391561019
808688460
599457810
301220923
170178962
936929093
70034421
256144865
380013064
643950965
139488675
829735931
613919223
795568551
158507978
647339382
17250134
203728562
679397284
366031260
22597218
304072836
864995563
304046394
395045638
808195388
261296911
180678807
730574330
443942474
500862029
589313582
276691534
868394327
262174237
333887772
251558962
284951205
415485147
866721650
852754083
979971153
575171714
271542299
248588487
920852067
482099314
302860478
301282779
741550070
976030593
134258352
545944673
781093085
195209607
991406408
745203854
574956216
545468449
226876564
570678008
944364646
363838997
693926028
359707676
199764604
267265325
407836177
687250758
731905827
145397721
178687482
804493616
590844956
535338789
856053864
421592437
159455887
429673968
164752633
482736318
899350304
432304927
979010032
919098120
930903864
701646410
561124159
91639545
770432979
654614661
887806600
528553936
290800123
258575184
63686443
751760882
370348504
723943102
271974022
27420331
973361363
416102930
191313695
824710522
231928582
270400728
837635444
123443625
62911277
847336465
669990755
114152173
799499570
176754129
821868608
361367429
528786154
19227372
749526931
320745857
299297444
282118314
312968755
262175988
68733353
283701062
777270876
963638520
390919046
551712739
601281928
186557576
256249727
64452080
959506502
577837140
202515972
825863757
858791165
357740901
113101468
231520621
893115536
470241128
844814746
658093122
665885319
90364764
216481200
860467235
890764579
65057112
10263157
612077418
481701558
865810004
470370588
554670035
631914419
520353882
738448493
437270673
53374748
980521431
645408748
891698908
796303869
832602608
580276049
349544310
718935808
519255802
267852065
833579862
889202923
776138192
871371066
922879887
562359976
710895137
870469986
631116220
701982536
856296448
915471787
547666688
684239527
314163946
36385507
178963129
162252659
507947243
757587175
84958010
810839092
201422523
312796866
639068668
391336200
357698825
278302465
377203334
130837505
654245084
725082568
887525691
585717125
324085822
613006611
572627527
460778040
364775184
667043165
504959693
601403670
511382206
905026352
148220637
780947769
850720343
300502541
399673513
682994971
150170961
628527424
604121087
511240832
740539943
222808036
508810521
763645247
626590039
215548625
251292103
58151408
765912812
689217361
284944029
523549903
666746140
64931836
548723705
367482563
902819062
689304614
392070129
917065572
668469146
532610266
79291638
224080866
698964234
743209638
260655749
384219330
523887125
140221334
956621954
4301885
875789233
830960116
968528656
870492174
261711737
692684998
940504434
659143967
119503773
234641395
408627432
706393392
785284280
492589243
596218441
555098420
375128613
89499388
293123656
963439365
91450511
681878657
745295318
724667290
503057335
387435123
883718251
431740738
976285579
631616273
552245337
588086536
108366500
861220296
320338748
931699163
38459083
967051158
473358271
444978937
653510378
202838955
627825252
450114348
146108650
76548790
907679484
613969761
758162744
48508197
74088635
460407528
650277425
92810185
690331990
140152092
703590402
906442890
825549882
114845832
159227247
364271279
75925853
690993874
516056838
366062940
881205912
938578560
353543039
490231805
139768948
163993681
868645418
948841667
782294949
688863182
589436960
610781966
677037972
808985567
813718048
305166032
979100524
818548029
832174856
170453600
205567855
749051956
72981298
10107618
862189177
499518761
833074394
10790768
751530908
173051536
884570188
465392131
494563024
232959857
936100622
847670895
986863204
185066065
345873349
775221681
465471662
599580449
540447289
339304506
691064098
663379483
357751211
336071618
840325434
933670240
944876526
344467888
329219726
483003231
165059697
618300170
903927557
104547524
535421455
865879850
68777964
230984969
529251063
207638150
804218504
961088241
963680670
920762579
777109092
840167321
959761795
154175980
39459221
312498281
620348212
328884425
378804321
785921435
161390087
67691030
86609545
259497365
301385682
706313437
864610983
505814333
127359743
266251231
177200122
692029105
585727787
31874739
180681657
66120539
390317700
121332551
695328793
310917422
585533101
614219975
20614927
946728398
55593884
805400311
81969473
23073203
555690044
446600301
434839629
626044741
825196084
410737743
703564945
517901846
699528889
34902239
101671757
168881341
154925595
214898234
947196695
993307370
623306822
496240568
774723455
387827190
294448426
302888366
861473206
857055543
101315670
620975954
884312135
225531457
173929250
359895297
807209056
25579222
734507272
751748265
490148655
943423239
610352572
874589304
451174016
106262157
463728630
361098408
595725141
600476651
28199596
386697047
225826678
640689868
330252604
909251284
923915190
290259477
440095455
414927122
656123711
595872882
889410459
851051453
556643328
239906095
963369232
764553005
309116002
142774186
686001112
583604408
539175001
780960681
95987269
525739101
415436855
492677846
875320529
407998499
39736578
508703722
2597
522018248
843200142
411176131
336524130
428223928
909630354
624569763
322261876
937782311
928616433
900009267
374823870
77343926
263498102
42313784
121947742
808091654
841584155
600355621
718454537
54535406
464399803
270691667
954610182
502218347
113368714
961692398
322032852
981086117
829858768
889299562
581110029
914025332
294052344
678562137
782079776
340749746
859071924
561591539
656822399
45049350
495229407
836864439
944934425
906460496
460257465
774831969
478388654
323043546
763883215
809099168
33071594
480287033
86446235
513514362
4470414
276133313
845204470
682664640
593142169
278090491
687645949
713372222
727392294
652448650
731195823
136759529
440173451
570776275
571609138
332326706
749176173
805739035
766131500
972233906
399431872
13543856
65642379
557728994
592718362
207267140
693617176
538589884
801311984
681645758
505456565
402821312
296001711
878235184
451432540
254178267
534100371
101506067
871315730
529020851
65108969
181176393
654651275
818190334
314781027
462973672
2655996
257203396
973113110
717855086
688109069
707261586
850982110
69142808
443067089
352926877
860755088
196040051
534556047
710702063
694586822
459947726
427218959
2342522
267163005
788688183
827332638
470927261
293729315
50294484
280388695
997564204
978679038
780214910
485710153
621273587
163010593
568993457
634644338
528498940
786889150
765821564
135776271
247411657
190947490
58246218
290253989
943107604
409566782
993126951
16306713
410639521
825224494
171211125
929885364
956774382
847538510
523174722
611371362
310722661
163036441
407033786
403348592
867853057
579935162
852734185
853720366
709490365
182284071
712920022
646334370
583243099
169865346
326393747
335712313
958897747
408517009
415154392
673696248
502513601
400374258
315510757
165570615
124303379
145390957
202500854
87399370
736209776
788442490
807963340
93897177
636524674
260780674
645679042
812905662
107212165
260915440
309876606
118587009
283716583
437861163
151348613
597548714
475529010
162264909
336864557
352773933
341545210
356998975
546960501
77598038
411699734
871489766
585211908
868699807
406482013
85980166
996751668
120086309
200490504
882099451
215584648
30807058
755701549
479925551
503499890
620045830
77964167
884649152
44954312
853663626
996067236
725064044
640754488
25181145
763281439
896793244
142787273
54388343
582204684
170577944
29254577
446269862
58458767
772255404
411832906
927688576
372501247
375775911
150561490
66093784
706951340
599758506
35235912
463529495
375211120
25449885
361446539
870963204
437106263
801229571
316952369
767754534
342074078
22650268
213647505
125287219
421323899
837451591
548982188
793950812
124009326
534934862
299112931
628387347
340202273
129953570
340278364
844871601
258602180
188484483
669239376
277794493
104053525
529995144
531587970
945242398
932397612
679603255
295552457
903816438
850702014
76243264
13363302
266067557
954665855
633181082
837954477
256316107
796601735
304761777
236101266
132622132
768799887
516553096
746680069
653039045
717634894
226804083
983611456
927947707
869762194
443391306
632676055
822473670
2280139
615201355
227707886
176048182
330828632
12591815
308771891
160381803
782481473
33421943
85406139
372818709
50440235
567164872
898233114
128933003
629272895
238907012
687405694
474178542
995109582
490992332
332158555
263873488
671529332
868812037
462174094
508977054
908465303
79212841
728662999
38898393
625824875
296089058
882394165
260922392
964361238
237394944
611860802
202443556
83362038
3908481
880547403
304024812
781484229
826676673
621243736
252671798
723033093
787157693
123906000
336344949
319336113
505615609
846383027
594276386
313874486
306341708
515056828
526294337
620931982
502524924
853799163
141166430
861524977
826327374
278876616
589711187
530220405
179882992
159884165
7344858
256814720
965488468
253322177
223931290
347137438
432564605
724713776
918946648
881754443
281316414
716113196
100698954
34052422
640859892
950327118
896676041
513955126
185877677
591996861
961300298
924508957
125809711
114037989
602925304
311248891
3891718
817991287
529166549
559126632
839311464
480942743
996626866
725164146
685894198
773084646
881666416
316758220
847143866
753320722
41091507
465780372
455548156
999474392
776146550
924495037
904719771
67936999
300617270
732173865
893893867
23509464
267370679
530960927
488259027
67336434
290273010
459874729
400372009
125954445
73591740
311155569
976042366
697175704
730709312
887465104
747148949
538808261
492831986
671017292
185706582
314032426
293834798
803941731
248122333
86322504
370842924
898998725
514722447
279481836
974484644
348236283
70331392
84623534
708360006
522354299
641747082
772304816
68435396
506217111
845663
336135982
852712480
669638135
931993222
494385990
99728521
128868437
680281707
797650311
970708546
674448194
806298818
297659993
813368181
79793167
250003337
922966561
128978382
954042973
559965722
551723999
195009927
446733531
635356368
194095884
77006344
781126410
359843274
227714074
183518073
361457763
457374001
881232583
705067029
33355535
353667081
555320126
957612518
449069217
361793898
19382360
285378071
219686142
827978431
736100981
822172718
296865355
969253975
890091183
799229256
503722905
732239432
762611560
401501569
12300020
966077208
371229822
449652559
220815388
15459459
836194836
873204491
208403690
459766347
580520924
892989309
433232452
490519675
105439583
923572880
517862570
428859740
860986036
370329911
839858460
891065829
389989851
58596783
227446676
737257332
633503309
483726544
170014975
657750870
397600102
348670361
448265083
173862426
932884674
161237227
322664441
941319544
118560730
303266048
356242768
62621327
325004186
796715672
818325054
81176042
773782387
509208532
128362832
650594973
743341150
103401423
862472398
67686702
575901867
935682873
132242338
260001894
40932105
563649457
60485060
966783581
98530355
128690472
76010989
357862050
845167091
572802801
400740049
812903421
24442981
752007816
921879170
762422781
838769217
294350725
73419121
752402178
220471806
817936277
196891528
362366342
369179500
439434493
188476200
562021045
289100616
307899649
476638689
850604398
962191717
141824141
737325303
251317425
265391958
565089508
665034517
645374898
900409328
236736253
501481139
326037787
720155731
644603705
498731143
724599780
510838184
100365166
256940572
551050894
568376860
915094938
56473158
956464796
914070491
397990523
549213788
155469406
553625786
186689570
726419516
365172845
108675366
616487575
208444144
826178160
114809575
334356647
487107106
4841750
318190184
358026265
474156710
718243504
911609383
878110149
629518852
290444151
331704339
429250229
70871056
842858122
226776767
22441854
500898474
314057164
631026326
921316653
50544280
31853067
280985686
794241219
306528179
857455578
557031064
540099816
174350281
865296777
968467084
437045864
472443616
448225931
652510366
639953500
60013974
9556040
745806549
588385673
31285247
223369027
748700264
980437549
397108412
277130885
47140901
236558189
999591286
598612342
626747832
968323571
122561940
356650866
189315357
53439357
661763486
958619881
493943959
46599035
864832300
937771255
599092143
973003607
964368474
749717777
150881940
625636623
430170241
882686592
37522392
228715257
437652311
560439535
491806735
293459273
338948462
940552167
79934927
59409839
14443688
384925817
590117628
780458853
986072938
245430910
58502090
34865597
828502411
187402434
568235934
96939551
95010112
462987534
932912869
245573099
707025231
711482343
827830696
114199875
340246293
422880424
172315971
151511768
100553370
610679202
217417314
89810332
301280728
208457571
244659466
640712898
883619954
707756837
273635032
360975248
295839427
569585845
315438634
489210578
780484081
840721637
88012393
225844543
177568522
694167124
934841324
973433327
100894199
823447189
382635064
333073428
768651358
320064156
475951879
287555429
401513979
190534704
762431152
889288527
255442821
584673285
356583060
238878005
724173390
194495953
832161938
766760302
942698596
424967170
258391822
436630272
454242696
207216926
453985933
568581523
96599585
741420840
202394174
53308744
267519065
734120388
609864333
691829877
471272464
293575000
135076285
690053174
186885249
208911055
565145659
707407811
780619523
121698174
75768547
494809929
845168544
281867619
11563651
317204839
463488342
615409832
468025256
920994238
981039306
55123843
498975554
538674681
75005836
556710994
277510830
1419840
786508901
5799067
272238764
280212376
205070627
983294632
688315727
239920029
124601952
278078166
727978176
941830198
175354023
535501824
208249693
357680896
526966654
69276727
322430790
475526897
43550450
20814677
810435760
706868851
147792385
101199573
86648014
308407365
50809566
888466094
41092181
154757739
400971630
106517740
144553114
946579638
343298363
956024227
499676467
256500946
835805333
249518179
647075562
682120544
525974813
942886529
439412521
99562086
546552960
901423496
43140726
310292583
611022
972015617
176500398
293178107
355096015
587516108
577389067
888694783
460939486
279151369
98416908
347088955
17438148
204338928
10209380
620899174
586722201
404234679
373270311
306064240
887673309
148168663
570173918
611459580
773272823
52873567
264286637
600745417
96458640
442342768
783250183
18848439
388863065
228073138
838986564
845670760
31137225
746786697
251912110
359543004
623740101
272358986
443113008
999227634
90456673
880401754
735847561
864997166
550523362
442848263
157708608
25321928
726409164
682551394
144670298
543659305
129301148
690262743
489148826
193147586
560449273
609521600
602292756
730200211
289590445
269346923
564336241
615957753
412178125
981748974
625297835
403531408
607006653
209003208
826036412
520803551
190431026
279168183
53734936
822380757
235174183
9745516
928309590
190391757
272110910
413410208
724023847
834201988
826892663
309641546
338319565
189545947
418766048
326786666
654975702
789106702
332507478
231934866
93231193
533205939
174992616
787120680
27863291
122397030
983158235
219575427
923149230
297403030
867362409
784950725
996110358
788836428
431384771
461846053
351020709
480801334
566075765
892499671
96688696
643527942
157254471
75729633
54203927
449584027
809797510
706961600
150678367
101958066
60351461
620619203
52359846
34501180
689337621
718412440
702273391
390019620
264150846
804143606
984675721
694079521
572547496
802742404
339210854
359221448
557532961
55653308
196199381
101944381
119672764
241028437
954249895
744690357
174401172
798604812
609340637
237739272
237897315
824663465
926146628
403097271
30340033
592882244
305451293
475500028
746456516
9425
279561864
900459940
477565569
1242501
917403582
210339423
682026394
275477507
265309335
654405647
887424114
801978391
415773907
899817442
431656107
656675339
564612437
48917739
729411805
974472851
952583911
17648580
12915450
950281660
550390714
843182873
57120228
10255414
3118658
469070600
552608001
805257515
678301684
360237563
139005689
182261292
736214586
115551543
202259972
442805441
658910656
292156374
918432136
249358913
789099199
201389264
14424158
968241
647681729
227653469
677014146
671407027
529885247
75518502
356311760
45367474
504358531
352482916
809622691
500830619
417680053
575925167
852754319
479948515
744620610
44105160
315524803
206111045
254862783
257601606
575804068
108114392
424093430
17217771
242388174
971136873
599355235
912941889
982176387
521927333
725432075
784978294
459756533
984053188
798922318
906746560
555942587
757856493
733432096
531406025
335871590
634885754
280776526
416120024
597296405
946847500
199362296
164585900
582148219
639879660
102731287
130862955
901162386
721601069
843835231
397872291
178852047
657320522
790360944
233992803
119159794
20892275
649238661
988423463
91299334
323411910
987627035
203354976
960529734
708718672
276470065
190463080
700038765
698683429
666818341
287926774
828370804
103390405
271403116
285363037
425202794
52102166
727522073
746234813
105192304
119740131
520971242
600173747
39444492
525167052
909380640
823959474
79680215
211589908
701749679
772507799
683800639
951360265
401103320
766323425
680106735
432739028
596847325
106798904
370698606
4107092
527254974
396815537
282280878
790539311
533479551
456558626
445450488
806115344
119700015
774259058
827553120
297263409
205486873
704383438
67789920
175747693
700501757
656645576
319930341
190095613
127361930
702423294
60169132
115350938
340825816
707321113
166192886
126711285
777073128
503946242
256448235
869106276
798246626
416113093
414196408
713402737
191301933
455433297
324385480
172943483
410630375
730448198
732619302
332159928
547498892
599965010
727762664
488995862
471993013
645611540
145526461
154410333
86785317
413870286
757966578
889564855
782856372
247398255
654585347
451751013
523786611
474991400
143252957
859766112
800342529
885174414
982088381
134637892
923649182
524249349
712670848
99671548
901610630
968912425
419753983
998877093
161841161
14649390
744983193
331098655
712983507
272640383
56743617
131628636
993939873
576886126
357942521
690775337
258495407
177231243
47710841
713188715
689356934
907102007
812228116
519958751
220349694
565657928
817540326
60192247
627221716
290214718
912621889
15483418
115799783
353265980
855324440
685588620
103627132
183519261
335678712
61758762
476954492
767317894
370183222
17965946
509948802
957593432
429692527
58696277
696982553
759815134
587441883
20991122
342097472
326595013
568219218
958318594
939220588
836821286
855240961
416536112
424123106
160057009
534091907
192521666
326914687
217803402
685198156
158543332
542648287
142748696
798951503
63900766
650443262
720784049
778044029
447218894
676458496
97073469
949797693
775712678
470314874
711570126
410106884
75938856
983818433
507524113
384950388
281784582
545133312
22891229
178369996
854779609
227357718
321412976
739229115
758295474
649214982
123392024
926141381
254959394
886380348
931749837
534131880
414317201
834294737
669493704
735976594
420472362
642365947
836139840
929950433
48130454
134432341
733745501
897976643
649303119
176311994
88000961
55034853
801817013
284949536
383224037
583849646
6023203
755414346
665921817
115395959
759181384
855474686
155315271
416046503
911693603
402919713
680903870
225377386
176611900
884728098
917571122
652648689
104257185
598359322
348994431
919391411
570187880
465222657
312192320
174553488
45494523
728266110
173637304
111460928
705322202
126049018
556789364
35378572
915687235
370223408
231130954
732124427
166378174
583960700
195362004
131520106
876712114
673751843
994242890
6990493
281435101
36641733
524784900
870360989
163138301
678704398
823753477
987515665
630786895
528942442
818692984
720070668
432238435
298503109
100288707
144499178
840373136
855830290
597030951
474241112
169526641
721671252
186126887
113245806
213118109
134613923
75626848
938303411
158886160
101737092
175494328
419880258
464244902
740737155
649359388
953109439
429216829
374235274
69348329
277224764
516320092
84857471
834285537
341920392
762668819
710715225
271503725
321079580
484895157
751134630
146222430
721281175
789792984
663052898
982765805
395744211
799651169
117168228
359830873
74417625
997110467
902513374
350976310
68775190
832419531
908971438
500421978
412258935
928061666
695603011
573087232
560344466
580397879
81570299
747770706
506564041
889257462
589327847
851150890
154505191
188504560
741682412
452035599
928094475
129243538
378892090
209952339
343254547
605204123
285887500
481926583
734086351
11660065
859579904
817725750
901411037
80331993
209985877
626127245
86842782
247315179
164901351
634626922
707040783
207566525
667880771
832845492
623354636
159816696
315874847
257128895
540555225
548735366
970840352
372812777
437469252
591461989
521633507
202636245
224677657
733112354
649049263
132289627
286717664
97630240
408685575
193137808
753060712
567775035
182812120
724251641
95291536
884150515
936930811
308663893
250557764
236265685
422162392
906220137
78889309
518279777
197793643
766414405
9296426
258649708
448801441
510581130
825261440
89006943
870254642
979831618
780024138
455541867
794322154
392239380
952272578
734033136
495555916
470023481
171338017
922180051
765934877
362282320
658771712
886730414
293243733
618851573
173282602
195092445
367342151
14281760
326200899
756688626
889388168
498655312
926666699
439792489
587987313
613902458
613408454
908177201
620768800
754949277
906106782
130654223
977519247
285117163
860611891
497297448
562570511
475460982
198156222
897517489
809228500
663845944
932469394
115950636
560834419
422107252
304685548
348000226
801563965
183353475
870762138
202196335
546932292
194807719
744785536
281839414
283742987
591630243
534905423
848280635
984537253
35862867
899161803
159391987
356250321
553305850
340376923
883175259
145282
605507536
309712622
183633897
982849982
113276449
189182764
462805589
872859942
666786504
935011644
52508943
971050324
46966899
298594617
716503656
573658911
862129019
879713158
583808288
618154869
12707217
159951901
895163796
495317195
93115204
449391070
29527419
538256100
349153123
918179359
971261630
381064046
147018956
131568742
219268452
314051091
613338070
963849003
299223264
635833743
229345788
226469710
138842652
460984672
533202917
988993015
825370858
694556749
942209501
375426268
960928245
281416670
546496744
871426154
485117679
467146747
572054388
613558009
451667886
144116885
138336139
799541629
43854677
332759148
377645774
624841576
105764070
222231949
59825322
810199894
986925447
175719937
173072072
702798628
496196702
946351355
821579406
977623153
631324912
21485243
590657761
627819544
313789409
416288882
935795034
729459038
356720836
440467814
969968986
417934771
384418323
715340779
504990399
549172128
868369371
492462887
202399735
54255570
993393819
691380147
909873478
223894923
691783362
802701285
558889212
828565269
202947976
714434630
884660369
835231287
558869479
628161380
40222744
808523645
497714467
897471448
408016889
819570597
403977984
229582560
920078389
155019390
214468107
687749437
894492938
68725621
609801462
397112636
865942141
336661311
408589715
202863275
269852593
117358294
840005454
811923077
555317464
190801206
168732612
659739412
670303249
364681349
687655146
811331645
78043752
486972585
259338486
545883118
939823092
114848268
397215343
252145654
55942934
232493699
347349460
101242577
277082219
960543247
746642625
313897094
894051407
231192181
438692689
5636541
439582314
31719436
177680849
828999188
394966793
374779037
848103704
231725583
204868534
542630624
134784356
131195016
241858612
121143417
936116319
110978908
82620273
849090016
306296283
154926673
817839179
703635433
802769863
416204474
612314091
164684193
527570871
338023649
237367472
727283363
892203089
600416727
111672602
890332446
102112120
148374540
974824830
278804611
943888013
917560068
512075884
912377780
658288565
319450024
284823366
50829201
529312882
721394873
784405112
990587321
920612310
631315201
643591421
608214614
56446577
869474837
521578420
658062513
901128700
487292280
206094456
230614366
712191609
686932182
707162523
358772590
942350885
850070559
125581573
38699484
256299882
310022256
963814073
558205938
246345204
721065350
748635444
660899421
969773826
105336007
453668078
244004141
530268793
679271997
798272891
152527067
202751033
260700368
617878420
827616870
769423784
865815171
730576576
1920152
23106175
826892710
712259066
152981852
194108819
129400408
640938914
794425312
432110931
215488679
283222551
493411706
339543286
206796638
885426308
817122984
377638389
238137885
268082935
375729081
314187007
510410801
142554093
813088604
120025345
206752574
705908622
559078441
225450680
78703727
572080881
607847313
352605347
342091639
710387546
728332775
420511962
639808625
154394062
422797185
98795065
474749515
156031076
78173461
156182772
651946829
30441662
642709095
889453817
537932044
470031692
527762199
684355422
941204395
335255625
320543003
436329443
946240168
875731565
166950752
423250109
673350299
954942888
834275148
708374462
895214524
595994901
108185991
13510424
521746557
507719738
915840823
214972483
270278113
569765269
823711244
994144637
801377222
928779371
999823741
615417633
334757565
42390219
303574510
16925429
312848830
325694837
173818424
29885259
947451491
274078900
923098129
393909597
375151788
809048350
919261029
199520478
658763482
738209728
261786397
931872411
989393888
814228209
270233012
266006779
993467129
173422143
495292718
568376701
408017724
155871421
519012549
674605325
80105586
713591763
410649837
796089139
37420602
476930746
390956828
709765144
552100213
937637194
114804262
102671908
660138692
933658725
47727912
57015613
925305372
326310841
747919897
331118043
394716313
997573922
773173432
680636851
531860417
371197839
243245966
612662511
62638230
623139210
723809059
896028414
123884558
992812677
737633012
879485698
573863064
267223529
457246175
973716515
560306936
827635955
874156784
620058880
625453482
926867935
886446404
994649092
928631715
257797551
427182213
646352529
94308529
978514983
511362467
559964938
969501471
437957886
25466588
829016853
724130322
294906213
397118541
398874693
785342565
905042896
298974665
164850477
362131430
569380416
24709128
296869758
728288207
147784739
164386121
923642946
85642182
106665807
758683283
98481345
491708155
136660908
205272091
717931792
848130079
307196947
459318057
859677353
453699147
608383605
514136888
88050621
773092755
216314003
33545072
866484362
349077152
887392429
831743617
101946585
384453165
811432018
515211537
30452640
95273724
685355962
192430791
452533378
762903847
42892294
643881529
866345380
89992681
338392586
778931847
814149454
310429716
859689595
397912106
247387348
931066575
706549218
820278482
421340734
680133827
571077053
463420943
11121456
548642052
433813223
929805768
122990817
434014179
333940613
669506490
912357361
132127089
370792382
740530835
498352129
962795550
311341639
569269267
834018708
846610875
412724334
680963899
128782210
338647409
513984228
477396610
749802699
774403586
482527235
442171826
857826695
27016259
589482820
558029498
748216723
833051654
353254019
167400042
539122633
212427654
732163892
779803030
953331232
514786722
992039890
899846440
872989831
947259801
108891504
812144419
677305387
656162139
136915652
805563724
932382905
970116036
758962046
322040640
862369435
335918699
965391273
293019147
470406299
599968578
51152597
944391197
406269537
532703727
237901135
112463092
238219160
942496540
695195358
510350924
725555450
620628454
98575796
944250371
905500930
985898827
965636170
709338997
160585435
211505650
743179482
177733325
241120531
709774398
458191715
874563498
4931382
480631745
166369811
847343185
938081672
106631468
467876518
29812749
754861200
873854066
703294932
320032964
380572196
171033447
631663586
308123054
82596612
2980884
416519283
236025203
567612002
101740175
805077228
473378790
74845314
894807963
707408657
252366646
324260156
816949079
715799267
480152289
748976322
726402111
83639344
335344539
303870362
293227658
414813237
899970386
843383092
763566735
757149005
965850086
962325719
197757258
69658775
401473273
74282638
711745911
952863409
248623150
878294395
645206302
106316306
381290271
117109952
976946632
550301501
526879543
221390180
895015746
226127816
583839769
945189257
347752072
985760263
215830125
1334203
252663212
141176116
378715723
462875084
246629514
465251558
401404400
957892874
651917972
468729545
173426297
907145185
952781162
579727137
375462212
301488280
460420863
177041871
385502956
808525338
955664846
549586784
603243948
384129293
1608449
319610760
770166157
282034371
839998186
835018638
297775764
544854866
556425510
835962847
438322823
791017884
200075095
575457331
329974418
188703789
246950939
524836129
942132109
895781392
574292055
138846692
197588195
653756870
537999859
485192087
842285950
578009699
51509591
221537158
362115225
150100200
454243133
545265815
691628576
79738941
564719765
453519694
874593598
447011491
358905862
517846715
594742096
551159808
316045535
966792518
375527482
948976220
852936795
124553592
184308679
652698746
244498795
587509624
181054695
241936541
276817816
167560951
175719750
798340462
649148279
923353142
792386703
376776222
796329010
449338632
298610850
903505545
980246908
487984022
825686368
802070415
205886374
544522814
734760090
638770065
102146497
476107074
616213532
302323168
711100330
513470518
235759984
153399200
980848687
48305533
309930836
991016342
20043535
776265458
14342117
940449149
204827063
808315903
606889066
761549287
31233382
402095644
73498916
196199665
655011575
426627197
236259941
567414923
847497268
259213057
840687750
785150617
207082637
607544759
527324251
525173546
300330824
390722460
860759589
453404213
804895671
661318741
649310086
359221549
304023480
393212422
343680920
895099244
272653209
214213112
892871482
929693780
220481578
130012203
466281325
694267046
571331992
923130819
887091472
579265750
802747430
342218398
410366264
846073426
679613883
435904034
231233038
905201147
513397458
675318435
661139948
329849431
122940853
53040771
122168793
749585459
200586685
934469627
706166999
526554800
862491271
470464998
201334332
847730038
725536665
162716959
916791048
365156579
137183390
32066265
708300170
141758467
925489522
688418502
949922545
923250381
19527555
241452
30314335
360375410
843032472
751952863
610657671
940416701
569809296
831873530
780941556
781604875
534330351
297074873
771055790
929087926
191492036
129713354
430207357
252454995
69826784
948090673
335011989
662342633
270105384
282829958
702892006
259049509
660887289
51936516
166247275
302507502
406454209
350819460
430527582
939455688
907869558
709647906
413633162
297018637
671891257
509094368
181035577
479505574
125794147
683323823
68776887
259006677
521002680
402276447
132489330
448616877
856498376
966299706
28239867
874761192
76732301
331108716
286651483
438288445
132220516
404139686
818134907
609252519
476168712
54657719
849258386
152974820
443215295
828592418
283663262
557259617
104605475
53935783
812199932
144910140
341921455
90524078
886339654
852388341
52705421
830104156
629685523
132630385
790681392
201720940
702785766
933682742
932431124
161426843
697487924
222396585
42463539
418177432
774565069
388192137
792194164
389608181
785821084
96130501
911553421
200177310
648684818
595745178
918490964
863235626
751515091
405355193
783965293
459987950
262424203
480632875
105035692
620150927
971990901
86987464
751368219
154034562
554423642
958384383
768385818
877839951
95268530
825121295
900679922
697983246
711908106
740748011
141522086
522252816
584802061
517298348
95719077
797872198
812947907
500390076
594671607
455627669
159286739
616103909
8599182
400498268
72462113
536025221
238033460
733315410
431961732
278641828
294432333
951045547
323903066
164510209
819460089
330809906
873741120
342172920
753555311
987497750
827366385
603264043
97217894
313428200
542579586
840608781
808933046
924844925
402597158
747067992
255166624
791499787
648846435
178341310
409173713
750845860
159733313
291597412
353089998
773086223
365377550
650742458
568938378
247022081
94230999
822754446
593010440
770209365
253491598
24009260
382881191
293290391
232710455
184981143
191413520
878157438
764591442
736887716
592509870
297212917
198655292
116853799
279794271
253501125
316193031
785550386
614524763
720036065
88133565
686033068
44423935
470007906
33311378
336219829
263953186
784991338
407196669
832015807
977363682
25420181
803972057
110001771
588079046
994690878
574415585
859733054
733128255
769033131
345658873
115537068
429345391
865780088
331993754
260843020
826615613
106813564
113886573
453933341
111931292
809475883
125981045
702987482
870679375
51220570
46063223
140419132
849619145
855442429
490336045
639245028
153825927
665512945
181809577
436617072
685990408
994725766
66057816
548753872
855006037
206174395
213967424
733283614
771072696
913409417
991444542
64721442
180319857
193744674
402649985
7825575
64530402
519179074
650602975
385699987
336654599
62953517
452605900
244253028
628885075
148524283
268814803
976592248
613133616
189952398
330846699
119052984
907400435
714661300
799635595
770294413
923263885
792004323
412693449
610274884
258404663
836491231
851423652
374397479
865232441
891306399
530361941
783731105
750795916
519733329
155432884
369867515
697020744
736439754
630590690
856121022
91358910
271732856
283668923
870384385
211315122
30591795
804701069
805589222
145517688
153490340
300792992
895694177
801964240
452130742
607286852
481551839
905257694
644111917
939682188
250102353
61911886
155931911
615750127
504876477
741821538
594916867
414004391
325401801
531071801
667646678
936202123
610606353
430917672
297637592
257842827
718900649
186361185
929988437
77302382
547252783
347483144
221301132
372261859
320979715
536329842
234415314
465489015
134652696
787058569
9140900
943647777
690194284
135367232
921474574
830219615
416391405
497723085
933642043
17896442
24290079
601515105
161948089
17427369
290357565
961491613
715212479
884585131
324242273
415049281
520041711
276791419
978179393
770413330
360743184
374640365
669432436
678276374
924036569
952363365
645256928
699343902
445128898
12216512
353429837
169024653
768252261
213779614
192959182
269768638
301147590
243209435
258126560
31183442
937785131
100190983
61411985
277978804
769096336
369974489
238169737
508713721
457251344
446046863
798319125
189355633
217246733
402719052
398233667
804696044
358143610
794369944
167054749
725384240
685193074
971614354
236052300
750977138
729161456
694212803
699040317
957689248
176625092
630392333
137285506
485438627
240465913
916796253
658696107
903809170
98833318
593140654
763636673
622253963
534096647
403761280
383462864
362885271
882832198
672493136
408345904
520478915
229438191
545981364
497732577
125192841
757815891
810517688
934377215
181451245
523283214
857749931
333541497
559518357
861466055
828126529
294788159
79608114
415603288
118271935
180129951
553825957
181696632
851353695
162753789
296465083
94062948
723859550
8711151
702843787
899825669
261395346
538444904
753425532
692134229
754736117
60063264
668028653
855894539
533192604
27873728
132372092
532257952
834685404
777979177
6236967
177752856
467199300
216047079
680889246
935828797
108934160
256700361
282214056
106446838
409979286
279152892
794858247
88982477
464453639
313715315
850687160
119985819
794106425
809052269
621617814
135335489
422550370
818977987
655090410
641337606
894593262
37582400
589230571
670292462
510588541
641823261
7957147
211068680
696736634
996559402
296167657
803724236
804107054
796384624
43889333
167657838
216658264
543902971
61988637
953257723
18326133
623385215
70841845
935268540
626078108
229844100
789306656
690126036
299784952
132423959
384508820
532423029
647940348
239683339
179537111
893562170
756075203
462456034
925598444
476498283
852150467
53034544
729159644
112669461
787679614
830461960
579638334
663038977
809417365
606114083
366792365
310864279
744145233
881710439
309504213
292218201
668471155
322428120
808385705
719618106
555891663
287185070
506267594
882998497
102443011
142770377
257753016
914556207
400994383
563782527
853135589
12994251
438268848
568410824
89062143
113477484
38446635
322418814
670867970
370696815
622023411
547523609
225818550
804163475
172734673
557105427
318231248
728316517
491154378
81764008
578522258
535798351
392347184
870231511
692976369
271023709
43824155
546887208
718726698
323242016
916763980
316777001
158243184
81373180
184823238
214151985
515878647
618048077
277496081
882428037
136930231
458116895
681874987
16794493
695556146
416364778
964765178
278730688
651952283
662189293
163670887
265476991
646064323
975677785
709390336
177666715
151223905
804455512
178984485
760105541
430207469
971002484
974863432
316571668
38567813
11556960
927942228
976817868
458082223
218004206
832713453
873647287
661452375
176907499
830095782
474449169
122782881
12020352
903544658
436613828
898169586
428112870
909422255
885297519
432114409
13210676
520937740
658174277
580764333
308510673
77615455
345084293
893694952
614978952
768176285
67961045
713083291
405032559
890632686
748370103
592818771
293534618
922594519
251125354
528208954
501487763
736386293
288692737
715733438
661087826
275384157
835738675
215603565
756945215
126087496
123495405
551782334
157684164
871528177
170628618
968833578
477837466
557483843
289696237
571618178
424996414
661669029
440987469
324656081
586294857
74505037
936744286
202199249
636873288
153928682
566676266
542511053
92364411
886673349
794993276
561706409
577926288
787818190
814939936
686042673
392065769
864093740
931662279
531494675
512061896
239834889
648653720
144065292
606566267
954213909
137552869
739796920
693703515
187124840
904491792
368127564
258288528
737381558
77639412
273715936
669404074
954386243
910592197
880111570
41822883
676325217
150311347
317340909
200100972
236030998
846845496
667537078
802272652
522054587
300531319
966236985
55333002
750483547
525076619
649572882
809543974
50813010
885824013
272684074
869452919
933697208
360438259
600484292
592448560
932972435
795221466
186134153
616962718
264508609
57048586
572865538
916024314
430377367
168741357
912103830
82142244
628668181
273358019
103519442
550418720
888950444
218303706
240176226
251814676
425472068
783156982
424836607
206049092
699146085
933523425
203498971
179480325
311856715
352509804
512623983
118397615
797088133
655886547
417378564
260933970
276746724
863001037
191503016
383056610
252040429
314668512
369940353
769161579
361770998
318469165
3480483
594749682
722076526
749496899
846101418
637217515
507431192
350356023
846813210
14920443
857681614
102982605
108966322
982442920
748250804
149357349
772085428
542971047
910460251
610790344
131154306
548302102
854401087
24541630
959263005
942617876
194162042
783352321
687129979
1172444
701609032
452964887
610578661
193178306
547861481
584951458
972685499
621534065
930272135
837023212
760583710
187993831
429702533
114926026
32618332
358666796
761569032
719342249
210251503
794000310
764496181
169666361
16561778
192396972
900863991
862679806
390119984
79161066
883873729
963943201
616860509
592317604
345787245
687817481
155258819
772432008
629128741
907728045
159765529
419240237
590696242
756359289
534308375
441817639
309452122
825841145
885836390
759780442
432848654
200749122
535374476
780997666
759768224
602480586
593465487
643263737
849591827
768830429
694016236
624167388
911784773
595369753
310811023
524186173
85249409
868956014
919765428
887593072
169117318
715882012
835784758
231978029
952234963
575805665
755632172
236907575
384102083
63736
449956424
758957385
898900173
46590773
116789422
56190178
829167650
373445104
848590129
71324983
87004642
895706251
678528616
115453268
422259722
551789960
567377226
702410529
377021243
153749338
322059633
302930629
250297984
537202946
374827057
581724424
100568581
764304359
102983137
414174386
796717763
294844942
989578573
85413043
821916426
251859083
55258844
866080378
596678318
813433229
841578730
881848998
551482692
248520752
263470610
128597955
393010161
849718986
196280761
987902329
818005006
874293640
435127636
211271746
808524590
92704067
454753813
87855756
717482518
181466755
739335043
656475315
197833279
900221813
862594631
878898537
758907477
506774923
711652275
707273483
497614098
649851801
793041151
831428477
158177449
726426170
562898331
692755969
154995550
23220509
506145093
223955454
214212975
261435749
942631712
305835203
250185570
88988027
247646168
35365362
711266716
309879390
94844728
915029653
582203932
137228708
754137551
324176763
77863196
875293985
862777448
654350878
928368817
969279017
628013283
368378148
809284774
980354213
725951385
436873710
886610631
801506596
707458294
782653838
364791462
731260557
154994123
776454380
427724284
604015473
590937933
257337207
179001996
56373779
988761623
18937578
573439512
216968976
233923697
425760133
32821303
975270826
302812569
201056959
17045085
171126880
239549308
283445778
736110078
43696040
447155996
150713272
778685541
242083453
797239938
980212567
888769934
71951195
923574626
298733728
922550089
494197052
703881192
113951868
978304565
37449740
574690150
563955166
512293329
72946990
317924911
880411263
503132496
803421229
478292604
308012470
994979084
278935896
575868655
151276531
978915548
993805910
473518683
988344538
976307025
253222145
27270849
565333020
580395846
450563768
961505934
997729802
612432080
444268396
708402805
266112447
684989489
464919392
8209047
182740779
446230928
850683455
458038260
294741929
571399240
839691169
273614597
222825160
258693884
947704670
239349880
358165303
164076840
57029200
900502503
822439220
650698429
581159634
8196192
427251887
488269677
764861468
671502989
35191482
538485563
116014881
150009246
474028526
107320119
481937119
369231675
139619792
784382280
651041314
79178203
975595497
211332855
337331255
528404882
810380140
373849708
685921555
811923481
615937661
549498323
183137794
442112427
665170593
296798804
857765218
793916099
587863033
494712546
392311421
197909299
541083234
339506111
370440296
831780582
644715332
991879626
632098315
515183369
495209921
242287408
500346510
576387439
754519114
611440278
959881794
210565920
628534196
628055024
278562546
545396875
808021298
995621412
905671027
771591021
944285022
150627259
305571433
480432551
403023773
826545493
91632486
314101990
561833015
35555361
141360835
160667926
671987590
300358476
469421732
896615205
276456317
71020997
326903373
98606040
657649482
770190461
66993843
615202611
311499952
635972834
880265891
421483247
913144966
525853586
293769420
89672424
286294156
681905120
104900893
956446384
237505817
524998264
376786536
232039123
314630860
66715097
954545033
551847726
986879388
126289389
758912198
44367838
461774437
171738972
96559751
145514757
962897054
303668049
243099523
448888393
621363532
606147629
595106852
40243769
364069797
242000395
270794355
320340344
496146819
657989812
224432611
672214230
557568967
826994537
585960097
179597243
334383042
340891749
470558899
324212115
39798642
255944876
327086577
353956740
19417009
825839884
622375011
200818576
820589494
803799250
789240482
673176046
103448163
348652837
457348880
530348275
475916841
666771917
821088970
941141687
379201721
247664173
523188462
360620900
660580208
281144635
402497936
649325918
72602431
554005599
351850823
747427954
64326190
562379480
506939618
738641079
731549493
917679063
461038717
783047215
606202333
985456482
119415130
731519139
975606663
966374459
851676879
166447954
60551311
110935882
65199501
8588667
199952698
753493626
615365120
47342198
814872212
18779165
785566860
790983099
565610390
446942756
572699547
694545670
637810008
714504663
870702068
939531853
969031247
370388691
58112124
845530562
61874733
724373641
791950919
363806926
361959126
750859876
538074993
148854419
942397852
767725786
605917381
487461175
630659663
301073470
505843920
945330998
490997081
13170276
24253973
777009280
517074940
889136525
837976306
442304082
537290157
695104803
151373383
55785520
788353678
340487671
237703930
195660106
752184909
808727265
81690140
992486463
843533392
193467880
683933107
15771546
934678028
280244418
970235771
496853769
798413874
52488624
489977774
761179602
140988209
282427581
859829148
779057685
740397282
21530517
660792845
646892137
774173973
64718811
824888147
134468911
887107790
852516151
298342018
40982982
827471988
89188329
724269099
570567144
85770528
828250656
363086195
960792309
873941148
260920560
886269613
763619440
714636319
158905049
410185759
882975742
231025146
888081974
415847024
145482223
427140217
303444736
194865930
721393726
659004234
149156786
263682661
524605450
794444963
375886534
613432910
813148763
421858802
540491787
920139473
513874358
498159760
737099135
405161227
657888550
375825906
391805301
512263245
145517003
759896244
369272106
291200008
648169610
225583447
305463216
60597011
524806540
765461802
717176115
486813220
359115996
727834278
148220113
887763067
281840615
167837058
954449101
608978867
154278816
726353786
309578098
115822825
856183657
595958948
716755104
6894702
835753863
623453847
913624822
353881886
7630355
375038847
890425299
548255783
986756494
579722956
469515524
866633358
237971560
631640990
362951907
282827652
897492197
104425580
449410205
108687318
388574215
111113905
636765102
809168907
606936105
96030544
623481147
445411367
647381630
964901254
415159618
260611781
33481145
284595943
997320937
770391975
754634150
889717346
871299232
60531768
172630406
899441666
822471103
962871047
182478675
132857751
723338822
622698636
528220013
99767343
78103454
713653429
227546319
52521475
905201428
132929077
477271735
780189021
134255486
182554709
548106955
600686135
472675454
190144592
193337524
529546849
674549996
913546122
825702249
853866392
69599430
503721775
490899299
764191646
602229902
249017353
383148322
617056263
87481551
829566049
315932605
681954431
916741504
371519279
992547641
708201301
311418841
313187909
176764205
945676239
79861561
26292240
753916117
986999167
343321845
846632531
487331483
847993910
403558342
919217373
377403043
112720133
623314724
843537541
702206457
825246519
26337659
57443153
22628954
698468647
196483735
101294422
973332840
767682543
170789497
705360292
208962095
89005363
992257694
881605398
267873844
678169743
509727534
716157661
179067451
331307033
768835938
790274702
226840871
414080765
767415898
555753043
654846869
677305386
454684887
6861040
672519182
507912398
463906738
642225620
600877353
619468578
22611018
256449801
332716067
182087540
595825613
114478087
859729963
603127886
103424417
405885134
43494491
71342736
683863986
833853369
770578953
957631108
520751414
86339923
481427708
143447422
960360969
494554082
575686160
408437753
998335811
468504265
549208197
912975828
159246154
267035074
496915583
22463466
704444417
383165024
820651354
651636776
573809926
931843466
569915241
398582458
558850749
364583670
723212193
521706578
794313677
487176451
346224851
412633808
489066017
961816600
584638962
515822970
171720171
653211577
857641937
804623006
773656379
532281155
842621159
210734238
736881270
591689474
950440369
931625342
547704680
955377120
735431522
851142371
459650835
527445601
129793586
101133201
589060100
540141003
899050679
412997618
660221676
506527243
887596987
17051639
399652605
456190508
877137729
953718965
554332509
713541573
68511798
91295741
325631391
763144561
159676359
142233674
300588329
607337300
370476218
528230430
159225463
710482777
394170961
945295108
717949109
141856826
986041686
563905816
417111266
366365308
82421966
80366516
659824697
780941776
267348454
579358305
252905493
975000094
954882063
268041468
302025241
412190343
687535534
743705909
529512343
659115974
609656266
469499600
189747519
571340839
857308817
242439014
524808921
814282533
150262916
429033857
26148811
155934190
341547632
989521620
642058120
653948439
837540587
627391611
762398547
417468573
111573601
258949338
579811551
295357061
988839405
987714747
725056564
788795516
324246362
685998197
254406952
865455207
664121058
208070446
404033825
628218149
557412573
74479357
241733759
21545795
173111628
944674833
81854817
150249846
498071523
870949462
753219473
839309678
100043893
627964948
525140622
264053680
405860504
884171647
198634719
409368919
841410496
723308443
567052705
739873348
483602033
691772835
685874908
463061097
551301176
255185096
14432978
966518574
168730839
343630213
964681204
727717860
314015043
251243376
875525196
785263606
592717059
144992671
491497185
728362346
563372071
632998118
421735707
269204257
88475073
873424673
711172821
876707116
705958465
494527086
908344187
819274668
791452629
626829137
870199021
300253514
203059884
799280244
369750613
245742899
447754852
78929844
618484800
727634647
553614036
851153541
546658946
150326620
99816499
683523442
641023717
94232978
421353057
348263865
232185525
680286490
976786990
409380394
827865962
783495614
173690373
850036350
89756603
369360017
538101572
868652393
127830441
917996916
843655745
306606185
637832822
313403397
177239930
333253451
196903165
694434574
523834998
804882469
385711539
287949048
918280565
40401115
454695998
263683676
515585434
659103981
385115475
357149271
908237675
579646263
336350221
377737286
407265026
320248062
662046918
418040619
564421190
558006069
804509327
33171758
948400174
412348062
238664912
596489783
203137220
339806317
553230123
924110716
122406853
433526379
554265746
656351698
945198458
453697951
799550689
532685221
296786914
826433452
156367571
598899644
810108889
269639907
682805879
706256719
621742206
419347564
492401991
834747253
499119893
157573442
778934949
930058998
427874598
419463653
184556749
843495002
867492110
575771526
555814856
331353255
534871698
712851914
337435623
444833969
343837782
875427312
618468080
692325489
395333260
632076802
754108990
62097762
844102662
897097230
160258556
339512486
605039495
354330329
830944318
357436887
276764522
947953941
701410106
256927679
126043732
323526594
216203408
41251829
465402740
315223237
713295236
248902261
423580859
629641073
636330822
221645056
937346349
729358692
27274559
341782644
367118004
127948771
909825886
118017742
222881618
841894125
602521777
622591774
642013249
977604706
484885588
310688626
704628213
396168346
250248794
523595029
528160383
499782661
323936379
908759760
244615205
329042000
838593974
474415792
162803401
502093874
183026697
180082458
785968173
617485674
905798260
800889823
571227949
851449674
590410374
333859017
50640096
667290588
556526276
709969073
682915020
832333269
450072588
760955974
972363183
930333778
550818593
181882114
133505157
268653848
719325665
122953042
89762368
910922741
357738498
565094184
400641277
171055466
271074139
297630955
250606409
770105384
826817834
214536789
975578821
197372534
99613030
202982497
579503236
450058240
715019022
419011718
892238617
767769156
464488843
374256688
888241185
45938705
825691633
178794561
865462805
479027812
320400849
576006979
453225559
343068825
696564382
115988552
419547052
379063657
898595376
647075609
991268614
557029053
835614847
232346604
201431233
901828590
324523399
755629422
772932212
310515022
389893127
488899107
211934991
57283241
386306455
360499133
91574148
605546724
970731910
243231324
834051745
43860675
466012166
877228678
34957542
241321603
647200527
926967889
368671570
2738109
716705695
903930370
569012279
630817351
110346032
823051705
756757612
53244668
254729243
504058851
917780899
574208868
420289560
342342222
713019462
647166472
439270194
995258170
636490411
282726725
366894988
112349541
658508323
785424316
409855796
669330357
848044785
7625154
799019786
439462179
726738704
37429819
975140047
532131224
295806049
199633686
83105714
649877623
350284948
424222296
740943377
204389354
456352353
47745397
191312803
48486367
844060365
954065448
371492757
636757263
844959579
771825921
582097206
557983421
242391739
226547439
49231894
35949462
64294952
591809914
173149705
712924067
356431504
217887624
714635541
896878230
818165074
821322776
118144174
430136526
263586531
560532420
634559841
605824167
199888431
362981561
832442792
708298911
839178063
718603520
794786523
216245870
981541928
665955203
459078880
252993447
940832300
44391753
374706445
819890466
343341301
749017374
294075965
386494234
935173803
269132379
542944970
252755569
816214423
332514662
885588673
847861733
930302226
181698080
179481284
220445286
268616735
362550170
630548840
735167300
254055741
513506751
516667960
80817696
302936024
665151841
837230916
59586197
614023562
824721825
128183207
125624795
233622100
684595045
156446755
25227941
479971917
412208119
835462843
900017219
810676008
87959423
364176537
511461633
851525345
192065197
57703081
383984584
770445842
863847403
248999786
744242744
661159353
884950713
997580040
104414970
579935045
897152182
185559152
100662930
71197066
709840089
369969215
410022360
424910564
934254502
889763032
160880414
142071951
400294599
53839234
96748011
53610729
5517596
586125953
927211577
6387269
956719840
898000474
303379776
863628778
431432083
76120956
839875712
421886416
605105150
829866289
107159582
895500935
768712298
519433278
16412422
54495385
191013103
783444139
260967818
449499624
248484099
379358314
507157598
434204049
145420982
149949312
59671730
511033899
619998491
281503745
96165974
606604789
960498356
84591465
300927126
972587441
593837971
896049044
791641225
719421821
991488880
608105970
218739756
191408314
530830691
114054294
105289020
907170581
790499763
596945887
341980994
488576822
408647468
101174361
882071033
430008942
281741803
976155444
413462343
302666057
455732051
477513657
602805243
235468937
307935483
158888125
712550068
448093481
621090485
715801651
466784976
324080031
931384423
996149836
487175183
926668378
731513822
173811593
856572029
824320250
769394013
62631039
609408579
40592938
993146365
118166592
87467509
26231673
750911747
629678686
449242495
124159372
351087086
175438393
993801766
405762213
728841714
853658138
265439726
432665789
17103008
72439776
33463703
917554795
901462521
667172722
478573681
114518861
810010016
57097762
243565071
925023333
746604196
952724905
755803
905426660
552113850
652181823
925279149
524892992
307198631
234054372
349911142
154094102
661901911
139670651
148045258
600500398
714534887
217161224
376414308
967906466
226732513
889981636
6672746
74012497
311472246
826516219
231297753
272517588
220875046
739540949
751422235
147300877
838702404
766821918
126398269
340109719
858478636
300689102
536161448
160703402
183507890
978921546
196081338
554770254
232559746
472610498
251199391
639568026
169617384
765889205
692009154
942885904
273641278
485138281
794753466
668213675
134145
572055995
16050034
174051599
750537432
100760111
845079616
907431085
895381265
322344107
229892471
890992541
152318392
314824919
917277370
122552808
507522593
444832466
999006781
71396988
308860957
936066134
728529783
857619646
57897032
98791373
675068097
384300731
662726498
416614623
609996279
874491360
640654558
717449777
633429700
762381476
786201209
911045065
223777224
466306582
88954303
119914616
509690338
3168801
917992179
725194081
730882624
160764205
278161040
117486516
137263169
287480494
702675582
465568328
979824714
267400914
319191558
304440147
364316979
933408415
748695298
537743917
139785243
228003726
474507072
565230204
489956426
638955687
51805501
247034806
923566533
332512061
93320665
294342614
580747083
413761398
221847726
790547390
732576359
905775561
273171511
650187254
899984351
493571342
495209233
422935403
97491273
199363163
275474707
521240943
821130038
220046348
571952193
578255451
302085367
80415660
541889153
411727345
561438823
325418040
39079350
623240435
433806256
547259537
105445333
163202523
123181305
381482470
604154469
513176407
168275202
922345399
83148447
129379276
24941217
82009814
28883642
261456238
504568280
873873268
415344510
86781384
254948707
334581152
299920968
351926018
984162261
592163860
500428889
782189780
524234586
970137616
963293813
166355868
833643088
348213546
357188391
76929736
571032377
31482752
395947296
28322587
719056952
205381615
825504830
258575327
480975135
855363856
549092038
587016229
2856019
831398417
291790133
262025232
150998578
986452479
229717205
311726217
510846235
586625611
206249378
257505960
225632558
636752810
148238495
260185869
464013158
506521518
140418418
487011838
511535591
554777071
408193772
794135050
884778548
908005798
227328172
604521895
425298226
334985561
158434957
233553719
534357964
998164682
190941806
694597570
321969855
123646692
219905439
895696306
496316587
285653086
400082819
990982019
987366907
78674138
575773560
569897053
738623695
62870180
993738984
715173835
450174327
124957335
597714024
422931584
773144682
409675421
964923756
494260154
888729079
419300585
972024272
958605787
845740646
664962055
270675853
708059534
442836787
685908779
876104896
250426488
636922682
934347899
373010303
421244039
701263434
529983956
810526002
171554687
321924883
899245306
202830766
144636282
739376822
91441579
555755714
269380701
339993884
615818336
90439099
295175376
510613252
828380
509875110
898981543
759019152
279236682
107512316
296596287
3017698
917561211
549030562
316151007
555856860
354064103
548986408
637283012
349218047
882779283
779109915
578588543
596173911
273666432
916683827
986015414
85507051
41156609
358042203
89254512
786332065
227773686
363507034
930571353
311877707
740468420
955996653
877073807
171099845
19871754
589730638
346344344
277062708
900801049
520430486
843365651
881823815
134923328
171079837
602246390
782427002
257525171
513966991
268642555
608466718
168147598
959334434
742346499
964263353
839737502
843345265
812554790
958698197
118401847
83428110
593297089
909137802
26683330
681978236
414826521
309426448
236390793
595527342
41799853
626437598
130061036
266867438
548092292
538467875
563545094
512411047
871122020
358797644
739348824
592379458
976184461
273597812
966929147
379211005
316068940
98694518
291454281
53143331
557950846
420308227
86245229
469644358
479611243
661252020
365771887
255166736
958472847
733774327
145099752
748915123
157226691
459759542
663016212
387157994
269954209
19655691
795611021
46759144
155008581
197501852
647206083
791510959
222281529
182033562
812451060
311600398
148419436
937830996
911112544
394483468
433783523
85134289
686914607
653370771
696479451
282296455
773242031
861954555
930188228
512830935
782277406
534360545
745395192
891864822
662243641
702739450
178697771
891956013
980039822
732221398
10844476
178313058
59869025
890648599
295095484
722475085
521814015
687210759
399127601
756764144
954234509
834213260
954299293
170679970
472748946
917750080
525262773
512537206
537517810
976895203
854319520
448204638
225396524
292988994
112036878
94830809
616733656
720920436
14164666
485078832
846690024
622250572
427313621
313976423
75468385
760648146
233123624
456421838
683559180
839007233
574822450
236569222
51967139
946008522
930172176
337903208
637423501
526184564
470193404
734409938
826385181
866669361
618029529
181443675
370276114
332963123
100346544
69409802
642868119
296651306
676602251
296718570
576489695
666084611
16231897
475124758
515445768
36750837
592672434
60949487
140181692
456374805
453157373
549369493
36074552
692791763
403258162
761201398
38940878
885344075
274997195
78191486
394632958
547160902
500422522
433404071
772166244
432242920
194404524
631623604
335985349
417197957
16815995
695184954
274352404
589084707
95069844
810165031
586485553
731428370
520791286
953131206
747945768
695399306
279354152
264434754
304994145
339849961
711055233
643111451
684098569
831008401
564624501
337724120
60378298
446849290
864747761
467487448
690148592
901252140
975624268
856331418
409856481
373521040
438865270
455761987
204450370
598680373
32289880
850336204
625575593
968913276
483607253
329356724
157179694
810580289
496794757
888379992
185731253
484150409
365927284
964318442
264646745
130163668
672773586
411263362
797261549
913074740
618485808
698919551
260432154
439207233
792971982
134397445
711208272
524594147
213747027
998172488
879186413
694613894
328483846
249737619
361481246
534950581
459356073
102153215
240450924
89701784
266835525
284568232
731094811
25188193
281450284
919067647
576982314
992609641
565082843
742489773
71039764
780003713
535791307
235044405
408739196
476618850
253944155
260808308
907765554
46889731
129040617
187589661
468080350
573148378
187738135
486129109
425182920
784306299
488882510
266952104
580917950
609749386
289849999
822817860
440290822
326467777
67304312
936694825
760280639
979060557
722420676
842128864
798133434
571834487
451799433
860873135
398420511
515284396
750873289
726228553
36747822
416712865
988546242
254658530
955576712
169796461
139192356
145189862
557526221
342110051
2489432
110021291
266018260
582313659
361410686
319885832
882427457
495046556
18263586
431823985
709332133
818584675
569685151
306174760
878164808
841684703
538148877
275982671
721253981
774613343
358780915
446847636
240204666
782908859
919321665
808764155
242877426
822094424
796873505
151935770
746245307
833400579
653067037
411806929
503012023
600863614
327632989
272226635
546462810
934340704
963681501
9160653
398515816
348785686
598720248
282940671
164660690
726006796
304819306
324112089
232670685
153174634
731332152
481584325
376840567
270561375
303857225
335302042
647215912
820594335
128550096
350093160
444318954
759961352
714879583
636083559
446897299
806287147
538613036
67689199
402636957
416920900
881481495
221476591
695828420
193928802
477314135
634095378
939279945
885973105
759694925
224530538
710625052
527275020
218891343
399088243
20491233
470230601
864044781
521519604
709356339
55918396
750932787
102415265
936176137
376641046
956948834
324507800
365976297
814793238
379031469
999929710
464098861
399322544
348412861
819202965
461346226
740966885
867847195
980267506
434769328
440802971
91647370
284312067
292800930
902994345
337582187
107779303
461804028
444850970
146187251
274758452
788808683
889672195
106166237
935771338
529825501
659123900
49379198
465233569
919954926
479265077
442876770
917971470
402153368
568357563
454120014
987532144
283710835
469399418
784150897
159314982
689486099
169461481
798940885
449921922
217573267
556105522
340859132
640622411
289660657
189745873
14708220
425664168
783322387
511818778
987131320
252403114
47333039
844455959
926920286
522187907
703613608
988299774
577053302
422529747
760032631
833914019
800476226
770909405
226740201
414751548
666050230
908333188
759151974
27072883
385659333
249780531
646388375
617337440
960314574
665770923
975158784
585703524
238098781
683455630
25865084
812402791
721088725
300250372
473090429
119799805
345821784
101779366
507537582
658408827
795156155
955271097
442690856
291883510
717889451
185506062
378578981
698925740
126464329
976779854
84728094
385907517
432777341
137814402
892956553
273844999
866171202
530667130
143653407
585356122
908422004
960088814
286406347
21450275
352365700
480973953
937246238
243040539
86936796
986296848
923573877
339543469
387013546
362381374
490545899
192127542
872491562
186155267
683169068
341730256
234036609
476610499
769385695
368211166
588158615
25959490
410970931
712512451
629794506
383095463
394085168
223138478
565829546
773665126
487203859
278442233
165142163
969242331
243105447
414214300
948025328
312401837
630807712
774868581
908659060
987205281
613892504
362785264
738049624
631793313
379920203
766072956
283180061
383190141
32728644
114368341
588119060
232482603
522713292
980101991
82568573
398998993
622609915
165343589
437488947
525960398
949381519
386085742
846521475
759490525
644909329
294155985
868849279
903873569
540317745
671980601
628726357
75936181
581420584
24069401
74949262
137783607
57920444
38153351
960038766
130981163
414537329
700783973
452728284
107325168
389188421
707483143
665910079
14859317
167955998
340121216
262541675
731951477
880189750
606463760
453052822
168854932
662902366
204865365
497476130
487206078
227885536
486405374
477864289
720836472
294320567
361508535
472904257
681338873
33644303
352942886
9186831
59867251
409712512
360311122
221581470
360179088
37960354
65715186
815296291
27473257
281908615
451924162
987994588
775790103
873320544
323371668
649509016
756551886
525070902
127991322
165216273
128555507
446421462
711056446
188812346
881450876
573592486
119472538
722119728
185760911
404806583
840882559
496746489
456887062
366948358
42526281
200266575
527581793
456551532
134147816
526416410
54899611
760864185
184308681
732859292
941053705
429014793
334571816
23560772
888596857
335827255
89404253
940836289
513511887
285904394
287290909
247110600
585571016
253475099
3383702
949126257
197119526
894255772
423037669
671081402
804006812
918894319
537180009
545094401
212078707
757810602
646946850
177978289
8627710
723240431
193022618
94283083
524822920
637515299
221731554
216262853
919367504
610737901
767684556
434299898
851698741
922677928
484765892
720166216
733566013
365080103
658694670
182212406
478796331
283436905
156961587
469647005
207105889
601244261
330004565
690627265
926341226
260662419
332179971
962011674
739081764
387189793
412530004
622399757
577557474
734972389
3908637
305012569
911293406
106927522
622293886
329778126
583092250
106722032
870857618
753181160
268495064
581788983
869382653
719774496
786320932
204324711
714373017
812331394
154483969
620914461
955419375
858888486
982377010
196748573
556859023
301460689
663390904
960648144
896918108
865437445
674873395
817206590
75810404
923137250
869883808
65035066
75570215
745785710
858339514
19199324
942683760
337554970
705265740
389826349
358109567
896222614
998769884
227861678
170448183
331471263
214736890
301047585
226199692
681332452
968817110
150309148
165214301
823986526
361862917
86840092
262602424
572272037
798744482
584443101
485236146
44407673
175239591
582105249
274515526
54729713
716227514
902189385
451713185
647402518
682149059
730827996
271858672
919931821
178592916
420898127
75940615
344201794
665976018
210834413
529850920
376057241
757588136
955828517
524654946
543254413
380871692
293001060
88530527
14674482
944063206
856301725
771284758
427834503
80509979
334537642
826271405
790631433
834013590
400926929
289949841
864463830
174127889
130959
569165087
917087211
216370195
636582722
736304454
646946797
405028941
783282300
622654281
160134177
470924058
544861023
958235530
717439164
844783537
434554864
930009675
824167926
917097474
243303275
652266321
970471710
508528189
647428189
416369452
484037599
912887013
899639217
369497442
793357464
283482597
890054092
3616172
188001027
316153953
720424092
276273162
339749047
871200016
340998271
906729683
529971539
418071457
914131543
403666838
451381461
455329191
941805677
889546792
966776766
479595267
803990369
470098263
779451139
619741436
989190032
681342501
604993708
855945266
916033302
853466603
216578343
353447013
59393026
774400379
668504282
605531680
242024924
770185982
504299912
125316208
874165083
656183331
168263242
653114539
762970894
807969378
788293566
576080991
500423539
949296217
642781705
208975427
416523636
688946556
156712694
955071612
972930261
164246374
775871012
175416307
66299954
894817033
416422383
805539799
970260703
750477920
40955356
112690403
79472516
6111782
99445228
2466094
116138875
877532420
313902511
49447788
999421020
782313209
435061337
992547425
720606899
195450280
724444879
653743544
692615839
347125688
413327047
371890817
488626277
456685001
157683790
74254364
180933339
842154842
894020000
931004514
629238668
92488018
201537342
295622560
343935628
814924960
34969813
186282200
445972427
716545367
256801839
763345934
611670857
204106143
773932079
506337608
685329135
891010978
338368519
804809200
382218864
17285514
252439403
571519121
62447403
605049753
947018040
850801560
222754905
452810569
689707292
9368624
846257367
86204084
120859781
559463714
72354886
646038968
73180193
809372563
315302974
511162052
825821769
131955572
608337731
860603571
747010760
835139136
181360168
416913463
222154571
280209527
661082499
487840585
62952853
494167127
731776599
900642447
896268627
470058031
984402889
758481765
929287648
334199408
478557238
117619880
88069964
317973826
870283671
948441994
185822148
242165464
374068237
278640300
411727083
485292176
63896347
248687802
933317834
764559412
505766806
683042387
977068733
612061354
369726385
108295300
204814725
563390576
475592190
753638601
162094402
25706834
89503672
899591272
881262142
132150530
167884002
438468899
447683233
862423984
982381694
822516117
99929922
175991204
899362974
196911991
199017379
810021307
547783307
921198159
591248061
938249865
147900596
460822746
241162909
850868126
558578978
511589905
603387887
268225679
882791386
79356734
885819148
119006880
928099789
3498836
16038435
90780762
365693386
562323502
865867799
775992378
73410920
783073244
2742454
166583495
441587060
909229010
521030068
634602314
520004180
779475226
686203716
821484548
316849960
127098198
570936920
943477546
63415220
402286500
624165643
564907882
276806094
752089801
339324107
886381514
817083420
461734936
557339671
755624671
813490298
550517524
618945971
883786832
409070011
497001668
378921207
46293985
85789386
275525627
710756496
635359457
317092286
104063929
267104856
718501639
307094742
646055809
486089516
571085894
349501376
335149074
115698774
331191866
709112216
840567244
467340504
517788696
337842605
303940889
9106709
146386432
760775387
842904376
447366673
171775883
1292218
119311599
790258304
506879648
737947655
440996457
886090546
965425805
545463294
248900676
177205811
174780582
493166527
960024800
259996291
915859829
347716069
245459900
260142932
543570481
313271008
526042922
431986827
391252420
602893230
841903846
484957659
840704072
408894418
555352239
943122089
630430114
658974786
28189565
738461580
730262885
734399002
337080202
5872121
845636064
932450769
747859739
259016078
738026078
280601652
840743386
85847198
858563350
980592448
621397372
447951124
737398475
996529027
450255382
963217259
507468789
2703957
886543467
616939642
965088907
842356515
613534631
302159660
620435987
787941083
641967682
534031244
189344843
712915125
406339652
677009853
495900106
252363041
163866161
838052694
326396389
841092802
714015520
302443487
344380763
430833483
34093477
23839685
139471410
62395729
772025660
541742514
641224912
541323256
717898931
777790366
875512909
630059941
402155727
957939733
991295866
84084377
619839347
187934278
770353129
591834011
58419938
973422059
734153650
208814035
205710314
362571011
666802152
943870605
189151191
711279476
567650112
210548181
60918951
223969000
237317048
79373275
161564780
404358551
610302864
187192694
612828474
719066969
651226627
125546586
306950485
226469883
595907783
47688102
192020971
460745633
528553746
870943149
447781614
19225151
867755401
129879370
183845095
783993658
199156757
834621588
386590200
430134091
667621380
780414047
885310379
684443241
21563543
132457650
848012834
976988475
441381433
552994966
275550278
63304170
479254312
604856805
934483580
89856632
646147834
777247770
65933907
988274312
396643780
608538923
638533106
353564449
61064584
621162852
575241958
150136112
831468621
149418489
713570618
128333378
929080488
250872725
111067791
873707899
455375788
349207977
545052075
632647391
458276754
470713175
276840891
509055777
885226802
930798078
484167299
783072425
802353241
122060679
215844151
312713493
692130875
97984394
417419228
393908416
551667922
851082283
937202179
495469470
247353255
889595
588274578
610353865
816358254
991457816
194777962
784985823
269838075
475329689
546929633
681785150
609905439
825941165
972503805
400267242
768549531
812610243
925457736
401359206
282562456
465640583
190989342
137904441
731654920
407631959
838054688
357964494
771281450
293524830
230876649
301542849
598348377
613897382
884100381
429057423
705849583
665022552
433858244
815464408
506716302
513087168
194644771
796309549
541903010
858495969
982963311
17126966
920982331
229145238
374307065
239568569
816943569
72516216
516465016
99905465
468959360
116652620
263658401
677381971
781042040
743875800
174994798
296543813
872670807
464390407
642119859
84677676
390461349
177130368
855537385
332094310
13865876
130899460
53971828
421458763
399758464
75202260
535916843
383984908
529505261
298469612
465219545
883207439
999996927
421779283
504655269
205127551
259116128
984937886
652290823
502678475
18485143
166557790
242296746
830175754
952269689
810682096
490450449
812365734
775726207
91674557
991623767
895423382
330081676
349759183
208480637
665386361
239653146
55900889
99477121
988688507
232307238
178344976
863130039
391710188
273385083
185570214
223605969
562418861
102049923
23691758
213778280
790152402
22279795
930763248
134319156
997204528
496402216
238487744
404867109
189319701
969481581
813427329
764960913
690952726
894385394
86527894
667322302
922066212
929509293
256658814
628580557
30854739
246132119
550932910
635635363
971996448
820104470
843499071
850471328
653239044
755389597
224127839
42774933
416318370
982878881
661121714
947373403
209067969
70975774
289808592
820036742
469361353
187997998
778343416
764635052
737643105
98971149
178966743
242995965
676736849
813423079
478466678
622904219
580970710
876561870
154382278
748582800
893285485
901177947
715648030
884771272
186702679
21022753
803222509
392261478
564300936
838410911
766170242
888988722
57803801
292062841
312580782
478162371
826158320
220356746
399747210
846128101
318777467
589620511
356683970
46578482
968256068
490658016
837748147
675860662
347218469
113785406
215057153
120597141
69963343
181879489
757119881
426654209
669267607
777607087
325383008
470884327
284595927
53766269
972920652
728231487
90401052
179338040
738319132
646062426
40064560
889693535
418332761
484155509
577961866
901463752
891756782
321821092
446462721
752654023
868815468
78110387
884244687
76635897
517196157
93844665
331165687
936523231
345651795
809867869
121085817
776264736
885984167
596374416
373114502
147878293
979882510
521776929
168738247
164189495
461912104
138503497
866137903
102169177
32066444
746361187
422480987
155173185
719613866
207230540
560704761
338821148
494414809
217373515
78530874
900095262
676600948
352081088
157848374
490906651
831260326
950353941
559363263
370671397
34044986
48913812
585273262
502319574
669145731
437053714
224469661
663582815
976929645
434479102
701696171
311815654
926771547
719276949
962337299
788219807
516322603
311867934
131760239
808210352
928039117
122674475
314790260
957443742
766042614
702138889
767281646
264502741
45131905
621504777
147962697
874596385
800674455
402065273
984974142
376350098
630147536
386236213
794107829
542375309
884578054
543146361
741454242
332699677
501086883
641824863
804678579
626961118
372473518
393449446
316729600
112731790
437870046
941838194
934789732
340682015
260100929
48352966
7576247
454856094
750902051
929621212
624218253
691284638
982069823
814619954
169408571
502463665
794101073
760811088
331471185
576330997
712565395
358061321
712444532
13901921
886337637
794480819
625691258
663816930
519775996
689231264
505657221
669944144
391669241
877662743
713692688
55960438
349267864
807098423
357461239
95507083
864308591
448868061
162268095
55980234
339724133
383065318
715229272
907101
662539680
94470839
459662205
573416299
471565333
705992793
116858875
320088678
794083138
501518890
218535194
327505812
980728315
189780217
514121249
94330219
216224681
945135451
986308199
989549019
208494205
649145528
967368536
46189463
316914989
322918041
671489196
19341451
651722139
877785305
843783840
407481927
211874660
450776248
32955646
866721220
412069938
458310015
98858350
746031222
198902348
49044128
114247134
202318687
262296260
991830447
998177464
994768069
689389653
252926588
437673527
976277313
890959678
209876894
807842821
503343018
415252427
86653858
816427519
507925255
164888835
752041617
509976768
207510650
422779265
10406587
77005774
123562673
591590546
488607246
137047134
454137430
364229312
842594885
720963360
397698104
303556283
724942178
386193106
984418775
594489851
236220162
155648499
435196238
388379159
575922637
338991040
170251593
945373474
829657206
831257285
396553927
5297088
527368506
862061544
558390140
943292993
159270051
322017424
752004649
615963975
506657912
621298196
419718319
461707112
384535361
809606086
115615998
47149859
593450413
4435025
644077746
223969300
339206906
123157423
583234168
810171157
739853615
93599162
391756908
608136633
69209809
22682530
326040614
656451016
129497959
285008868
50655893
550896385
275207594
57291769
907436989
760515642
643784316
447782922
182416246
582579157
95496425
660854335
542752604
209619911
147476486
332067920
534841764
336618043
805480467
202579303
270612646
820939049
225520210
698680709
774542275
659144508
880000635
350625990
475443751
794046152
356672884
285184852
955338546
662829008
303165828
827345693
846110544
431778257
944935092
927654818
425653543
40024412
305446463
767824851
27157968
718606063
28551042
271205245
735221687
505113153
851007008
394270794
229951741
866142606
67493204
569459607
955228252
1574673
956229540
503186746
459819851
876413785
865242849
585717499
58518307
687407505
293134614
35596895
585946198
232750713
875151319
612279360
991225190
642952359
769205429
942567699
616836454
32822172
561750113
594482402
988696871
366681673
717991566
589610369
364620664
87685054
763438605
876747164
549046559
95296875
141301196
730964622
941304992
16340017
28351033
399188328
934105185
587767762
826661722
525048821
342377816
420010602
730235024
168367141
600094376
455395898
520684272
401729067
587968266
375442295
406325339
563778573
843195418
6258053
909604471
969491094
359534601
275416632
615744976
979383044
195716099
10488382
319207004
547917572
911749474
329952094
247210259
522492512
509231183
848788842
455420248
701662915
477162593
83952153
658690637
679078179
24698632
103480724
541222489
112847397
360340476
120875812
724347636
538318034
61827122
692429725
58922695
539679003
198762184
977952725
314218674
707357636
370867376
887296909
24393069
952782379
844783055
850151509
135282666
15138383
861081729
74704247
869918674
154892938
696079780
420326215
993473432
593574237
672447098
661809081
886230492
259433753
78304525
405263378
574620720
80942823
777282272
411861831
743862975
821330661
39680391
312866152
109909942
836176331
975326177
269019893
691280972
355580410
51411357
205647236
927870981
576397717
799044755
867678630
735123810
477202256
510826927
86605874
174285805
366934162
731997560
5001598
497503958
653410567
830851418
878799485
767667505
485910480
878665345
481539093
543881257
361890294
116874521
886799684
4747869
671756412
334420759
308417672
508772398
487031535
882044739
149103717
389794017
123240596
34941505
187430868
984056240
80172738
363557950
899259980
428218667
333515355
476007688
209013876
530584810
709069750
535165723
366605452
888897839
900482681
714180152
481747485
836479032
195137377
179576694
256228826
835628911
310851665
555799742
205161363
151376975
606642193
643465586
582446786
27301885
818742148
346786055
97550242
401470433
918899985
588775468
825949769
947258339
639213878
381220931
539083794
428714470
322536562
455741641
28163004
737934728
27178966
330538721
402542021
931878473
681148924
339551315
643111495
863613498
457919947
95962171
208988326
623466652
993239167
616253865
28361115
752398345
302113365
195370990
917601950
686236929
327490662
523288869
942299148
148527959
941715961
279821409
713082554
894481808
623431971
161768784
502741463
860374224
814690956
442325263
837171202
799163616
772345276
817413905
313441627
692699598
570516731
708024612
167107534
26055064
923280574
961592768
463426503
592201453
128312665
448564674
67362732
655633838
99826741
509206979
213978847
2712765
845741087
435310246
403618353
53447426
458575194
696001721
346251628
239479665
93853188
687766677
410906305
568304683
765615171
73208385
388272504
11726653
924899792
322644917
465993990
444751810
548231381
535874873
826487576
229970553
57336411
825677392
166767130
581116235
894885114
68282584
84670555
967740169
464798429
952156307
311689480
470414799
98158120
707023006
217475612
429957772
965769950
128095509
176330559
435051882
355504489
666737858
464865627
754603095
592346167
640589083
79142891
15398246
277672988
640109588
709676342
975795538
255429107
974325354
847046248
517487148
134424349
907533350
755656266
862449879
576853943
465914951
490271873
41574343
75447119
13092384
929698981
285320255
612288234
573517200
941173181
388666510
522117527
459832110
363362680
786078644
291380648
327382085
627337404
171939689
691142971
987736290
964428462
703033302
245924649
212733242
975128760
614957212
971122913
755654767
95298628
63541183
768206583
804438735
245132362
59441633
921888275
337863690
662881009
562414179
195682199
25370111
207335270
911684010
889667841
999807677
152557957
478928124
761912728
538334887
587696357
1266867
405757322
674541683
450260400
717588314
616553065
809199114
928363695
136414921
532383757
720705298
973387767
151365014
963499412
264904450
886480767
655202371
276836289
91474920
926778332
605795759
579337344
796784624
956679616
281569255
131952242
57226980
921725648
920778252
316254833
709485955
520934266
281980772
536749101
920407329
547609046
402164856
498895627
119197475
544813666
973066477
333459333
100111757
25517627
930286354
701662031
787738432
181962710
602727915
526900098
323907363
678116476
904478879
621699051
437429186
901892210
236048483
253716490
276989829
967882481
355304022
905255700
655015235
496392323
450749568
100880526
292782264
981285553
731670411
108988993
918057161
25838232
666861690
959411796
394100329
857784970
82994918
598679723
827598445
63687894
644190726
994106284
940885081
897051746
900111231
94389591
582879399
488254944
419232072
923038369
654827857
967552990
357212388
455649616
359600834
904943381
505140794
241828429
439312624
700588598
150483989
133148225
993444486
313691602
823502861
593962745
167962941
681167639
384946534
828819985
907076680
123896345
526327097
167308260
973222114
346461962
97519404
712759096
539372619
402865057
439855774
165042047
341775311
982803707
526597676
254974303
617423061
444281505
292091510
779767509
638649854
575777781
962561736
822055729
945276263
667321924
490556511
264248869
833820995
588586273
171270592
275124476
967064050
311482746
907415163
896511979
574578215
781887036
976484667
703515891
669602510
520789483
918143134
178064562
127169052
620861278
810474072
236165283
866673486
515070358
858661991
728864282
465163595
42523950
348570778
92163009
505004709
41843367
389231391
580420401
167894359
229703575
893583877
493176126
603365853
395618264
993642263
373918341
37615605
538805536
597348154
775819784
594136801
436033435
464015090
823688912
359426033
375424294
437946767
318682628
480057240
969919542
306630696
69525037
532915736
420663345
379690128
965591623
355470499
400865657
857455967
401785611
262899250
852870221
662613767
542279938
91741699
429705983
175370819
642118701
294249609
195587837
85520508
355145038
228144822
12139300
672176672
588906874
710739126
142388206
376804132
814985342
482903204
932111986
109941994
153895450
33556093
949115828
411529032
430393526
840772119
929788648
729465924
163693452
328651000
858664370
986992374
303651412
225379412
945870211
390221315
884030025
330094668
238360961
175003134
560400154
919584043
532016927
346740535
754632271
691351162
301569553
661876693
862369760
434018686
470179434
12732877
80237480
559269061
386509428
552162844
201050315
646722351
362300809
792570237
408367384
711095708
53567329
625580186
577538960
564811747
347701672
225884390
244923376
935305187
494846678
840405836
787905655
651358286
691838547
201290440
168568984
85927057
106850248
463712882
323657463
122275377
159980026
216168438
614498565
684993425
745358152
305017559
546846743
647416210
64926413
113446608
250798130
510348478
846798781
614017667
185882907
731352601
639379497
23117736
687141776
219520802
44380104
277090127
769684198
255503084
630646681
400198315
963201550
993293622
661567188
644906942
640843387
810465157
685586651
812590189
319888425
358574476
570416108
51619057
300956466
118537652
633243465
909215362
528936824
853715331
651517306
832297977
893127730
623890490
697233212
665449376
753424351
768859797
689230998
381012815
695237622
57428381
593806217
440790058
760965660
268203572
359430347
366762139
431480266
13020514
539255877
392517237
811919096
775529335
13789154
688201646
765444497
166086362
631995372
884407339
458177131
937591043
756854307
978231323
843232100
223773548
248446150
855761813
397861507
259183694
527324432
569640177
370120833
608802712
344494791
724431515
574877639
531628632
785763320
15865550
22813964
738484999
228379321
925097056
437123605
188637955
276114792
565921687
811945911
330249181
7154962
198593352
395505171
258872592
16532730
896131487
745350595
927584735
953540767
702521566
714110398
104326907
264162227
950788652
936164536
795411838
521299942
787713823
117390362
707645115
516844635
281726917
108655169
456335325
15244934
813721848
260698489
297572516
196348589
615438557
397514527
498153342
680665186
995264270
224349458
207569054
985030648
229537079
576978469
723921671
949880946
778327824
211715195
844201206
69349831
629467800
921157018
868395331
677550673
140007508
140917944
223311014
689429249
392909310
646676062
90658076
837257399
360875517
58608898
43701872
165107680
62689663
484264093
987299548
399834776
81289913
541088884
449262431
262272228
341174328
210718778
714854928
572125309
932615603
548552557
153676315
727752352
252280592
693513878
399962806
873967738
149485455
941962211
310650558
970562806
443949433
867034948
796446820
497012300
72006656
669450841
619629649
151761741
990805010
786686140
626273169
401633188
481666045
511218099
376492299
700634685
134313214
308277231
173901648
460418450
977096394
935666311
644032037
83105020
141048738
657332054
231579297
205427965
235092
629600263
606565638
290788126
55493148
533537277
167144806
17878616
572875619
291550882
100536771
395233518
687872528
102381090
630999360
593198569
525138289
574382782
714218680
12872423
649707598
642116198
93413422
365213112
881461124
494103067
904743997
621304109
8952848
348012994
602300711
636422004
491416513
956134695
629849771
172213277
851672935
140434767
198778975
436340543
486571645
461258444
195348616
470834968
618203601
580329192
791067918
654715834
862705499
224948369
451525600
139226659
199276938
271438140
75271052
153666199
999229647
552085684
601243410
334054614
348648021
826476979
619214687
824714000
126761273
509478955
275590850
915833558
18306395
808564894
108223694
600548497
675971346
298410330
800286987
311492296
702606018
261678626
239450166
359376580
676039648
679023783
184426608
413912809
865113177
373156963
421562296
431840622
127594808
568660413
570865465
281353391
618340205
905329128
367098101
637098458
978876944
388999975
250116287
73653551
491244050
191798674
734864836
505511196
185689327
460248733
274235545
942486041
817921774
751263062
448709559
577780978
889533128
856038375
457296408
754708436
528676328
41529149
511409993
113401673
289142206
20258638
686808566
208788012
549351608
385283563
384381116
844440902
802547697
515386056
299004260
192358169
469027866
821198357
848026004
446878849
839613124
808720620
674933157
458174205
337825030
646102769
969626057
524771932
736459054
381947492
784745830
808171880
567463008
857971139
938611728
673175268
334938287
161206964
774529734
61114463
9163830
140659068
841507186
635596861
756033590
623680778
595555143
9333155
393076045
921802078
773517804
642879434
606769707
206143954
337578665
6134878
597393304
598651369
170531193
317446192
985245562
480297781
252943637
315018820
356249096
630087060
969150148
283183350
522618200
990786152
492768331
85137706
424728686
584584318
218404218
462098985
301431540
44591551
366782808
107179444
506163740
765218402
902530145
299471540
82333858
247307572
471547373
775847265
212061934
496343534
779443687
424988365
658590003
152553906
818265599
254358304
199446844
509338704
483963175
65371774
173824705
146300781
817635483
745791020
294195165
367697103
675874905
127594393
952640372
680557919
94369173
91235839
83467496
250984670
545804273
463598016
52165968
65956416
754879449
915479315
582137181
682907786
554886257
865229459
24425420
546842754
980222616
205175645
338055635
704326421
899557662
732636536
697889346
197400777
17479880
213637787
334524979
390457162
482776385
302550991
554083984
630298845
91229829
669695252
521202548
8483728
505687647
45752325
449560095
727434153
923244156
305075988
296653453
105297017
8693643
721149081
758297464
144568055
678302412
215147541
877191913
266858184
992888692
276565874
839540162
761608540
363172152
976459452
16546352
167777658
569716958
973156389
959655062
244781604
225074536
930143578
301750137
568617232
188610963
414958269
670969326
740687943
26926287
277990125
499760612
204136425
239444755
149625772
84824362
816947597
883393476
16127800
714899776
951220705
830797277
32921166
243172592
654580829
707743727
245523488
571941746
444197654
512493834
889887333
242096586
957772470
312071678
353398247
6532405
534080407
901478527
217530495
921137798
478455800
893549202
957701062
328945711
341173666
221259421
387994558
611534393
181711744
125260121
642074337
623971323
465046510
97394586
864423986
911804884
465771951
884360510
939748711
906847879
287764534
211967371
497010700
989033292
276361764
900339966
956631616
879842426
218734626
43035421
162410143
944453378
861832084
807759123
92605721
10251888
506524283
223469715
346533047
816486558
620600319
830869297
399967211
113411551
638050826
222417459
866428536
717636945
475936393
294077069
768360751
204731600
493204443
887662679
781929722
163385295
291352766
156282888
613057729
409081925
490326427
197765808
348854492
970651131
432504652
327124046
527013368
61375483
905793957
561528796
230594063
693347518
351219806
707591024
661469167
877790529
618298218
565833274
175181723
916552294
781693186
508207560
925798516
788405893
283746913
733500349
344159769
545799603
262687681
577912911
348671821
636918646
862939179
334092160
258205110
694473115
177850396
956027220
982604090
370024255
302477547
153863242
613036633
188514404
242896162
929072910
273425353
641726415
465141484
242951861
706166174
851309663
535180161
320655056
988031361
776675874
716116584
394264827
864520811
857399728
597940309
862843933
105960851
193721339
226778724
624385210
660203471
510749986
332779402
767843762
843408222
197705012
298307253
972163878
141952805
728869647
566162018
409879967
565940291
340676678
718721685
266535343
88526936
371357034
971621352
239433079
720152182
776502088
348392446
676722652
902181832
948050934
163043769
326015717
994799509
766479726
943951027
649478630
685883818
624417861
528570599
535576349
449413241
870407090
269786536
632917206
66756455
406593947
6455895
42266103
298232062
497949789
89863930
440391334
377310678
737390279
254467421
809203671
463727904
258612171
669834477
359032855
715384027
405797352
604677663
307984539
782728747
31632187
102424630
92644591
982903101
836336850
679893624
438431767
230816836
407037744
952133009
808712914
274830863
487440613
807802157
552663073
578189078
485698471
981509476
113390670
967051953
546383072
611363767
659170895
585313861
165273048
240795226
651470025
888235180
990155430
856317175
673577630
652058949
624109005
46614754
866592641
370386182
126575305
235844627
437811556
622901063
624102327
673191569
338398224
306745623
532431933
701276319
439838279
277348218
416226859
783320213
754862642
757736680
777487021
654640264
143304442
333958672
647841057
996271174
492930236
369006787
883679417
605950781
118802775
112063204
182287277
981882522
995473459
13747816
814659227
895086596
32154780
531629757
753444020
262142470
853201927
395462578
811494222
592617319
763673324
730499861
513990780
259345824
761451597
212217912
305202772
1439254
965337783
741997120
811766930
643701701
520840299
445715902
720380109
662646827
111422163
600137097
585063694
997222575
173560867
814708018
851388621
867896383
447107848
302265876
221589504
442810799
722666282
376963699
309532982
372143317
797457409
400787336
278066315
749951828
639468851
559889858
637162613
724307598
690389478
818580032
210803504
234694240
194522126
504085748
84013664
458820448
309482028
483162393
468036276
449327066
768031060
968886341
107762477
602969731
294263877
224814477
405784139
852382098
829433093
453424882
641673038
473343303
836938288
545578574
401601469
555670458
895170466
142230037
805368603
670808955
358851154
293651500
53541583
982535923
44777940
135979522
305848073
239359979
402933481
486851298
812389060
539036276
619167787
24454249
212834936
260937288
983158419
374887399
432993895
30524017
417531657
393571744
387307807
688741669
904398568
111303893
897610435
453848111
939655764
781478346
762004478
979710067
841536990
515472876
374506389
663377971
450231168
460762889
292654306
282557388
451895499
792492835
532082267
185799022
808180758
566758995
523518736
277763939
746763483
739333085
109426591
701205881
733820041
499782086
720586791
153731035
645011761
710612961
68114141
318895666
999056160
368258506
987783847
674565628
912530921
685078857
614584281
657148933
836765874
266026409
390417636
224903938
869267261
812103575
703935953
249738251
763220308
614103055
78034982
526246627
886535799
553963000
136207998
718074794
366039755
687057300
132623680
528961258
416256856
294991330
823567869
134262397