20
39 924 316 873 48 30 517 241 654 410 366 719 195 910 984 92 649 306 307 760 145 615 482 150 463 486 487 823 708 235 798 9 217 469 143 9 978 232 626 775 
49 846 312 78 812 729 460 766 453 477 551 632 483 972 243 339 85 754 439 344 560 641 289 389 352 35 689 754 624 44 536 714 355 114 791 344 558 49 957 921 754 52 870 526 224 298 235 879 258 494 
85 252 909 857 679 369 67 620 724 456 797 358 865 420 354 648 406 385 487 753 45 644 675 368 567 652 880 223 581 463 438 389 924 298 286 439 715 257 758 169 320 293 822 921 192 86 362 706 197 842 151 897 550 464 19 115 1 467 672 948 314 854 666 644 682 848 396 323 878 680 129 534 938 755 177 384 528 488 752 667 460 160 401 772 223 754 
19 743 398 250 424 103 472 294 112 512 942 604 955 793 162 243 182 873 587 787 
35 668 839 865 10 199 285 991 869 152 668 734 241 350 399 756 564 473 811 975 910 996 714 954 995 970 564 971 566 671 189 580 421 990 923 161 
7 23 786 292 615 259 635 540 
95 258 555 693 861 961 429 868 200 522 207 288 128 551 589 809 278 998 861 520 258 916 140 511 322 704 383 706 575 410 342 674 804 950 826 322 896 33 984 344 810 303 141 138 12 966 689 185 992 746 976 447 368 854 395 105 354 516 222 416 687 257 634 402 317 984 242 80 698 961 899 52 665 654 909 202 209 458 158 903 273 246 894 970 984 57 533 61 8 388 328 367 779 455 882 90 
3 767 308 284 
25 433 827 480 303 296 112 567 266 353 221 473 105 536 176 497 873 819 208 726 156 71 134 672 663 617 
33 870 223 112 965 54 390 762 594 509 344 574 298 213 582 681 426 84 424 484 502 119 362 172 227 99 381 160 192 300 976 429 539 30 
59 279 264 300 653 91 868 789 823 60 132 516 678 155 671 257 692 868 564 498 446 905 632 20 179 616 737 388 825 982 494 276 84 716 880 375 0 288 498 200 188 287 114 702 237 268 555 357 802 704 362 906 763 321 956 57 822 898 243 642 
31 241 172 738 267 885 360 159 170 984 680 77 77 865 506 228 726 27 292 149 934 57 886 879 917 244 891 3 35 132 846 92 
2 511 831 
23 999 876 259 462 934 705 543 897 770 641 589 909 354 747 579 267 705 83 572 270 807 791 41 
2 743 398 
53 104 364 139 493 532 597 767 197 713 274 217 73 924 19 781 704 1 845 688 576 463 334 603 129 729 679 798 0 645 326 858 150 293 903 743 173 483 519 28 991 466 573 276 826 215 381 317 924 582 643 461 671 825 
63 535 741 309 691 922 100 38 608 318 830 502 632 715 256 592 777 700 60 283 682 524 400 216 647 132 660 240 967 546 104 705 881 195 100 223 432 499 603 267 278 33 655 34 397 353 182 748 743 357 590 167 445 987 774 6 46 619 177 780 375 61 399 22 
27 378 733 719 221 320 986 89 206 453 199 328 208 839 774 86 650 597 325 450 512 575 14 695 426 230 63 103 
61 590 835 70 774 898 227 516 668 219 853 647 529 412 658 3 0 922 943 559 325 21 521 193 884 519 766 903 482 480 926 285 559 635 571 495 126 837 853 854 663 306 329 194 64 214 608 488 316 841 548 519 194 386 907 980 569 198 788 142 19 263 
5 78 880 53 698 235 